3
4
5
6
7
8
9
10
11
12
13
14
15
16
17
18
19
20
23
24
27
28
29
30
31
32
33
36
37
38
39
40
41
42
43
46
47
48
49
50
51
56
57
60
61
64
65
68
69
70
71
72
73
74
75
82
83
88
89
94
95
100
101
102
103
104
105
108
110
111
112
113
118
119
122
123
125
126
127
128
129
132
133
136
137
138
140
141
142
143
144
145
146
147
150
151
152
153
154
155
156
157
158
159
160
161
164
165
167
170
171
180
181
182
183
184
185
186
187
188
189
194
195
196
197
198
199
200
201
202
203
204
205
206
207
239
246
247
248
250
251
252
253
255
260
261
262
263
264
265
268
269
270
271
272
273
274
275
276
277
278
279
280
281
282
283
286
287
290
291
294
295
296
297
300
301
302
303
304
305
306
307
310
311
314
315
316
317
320
321
322
323
326
327
328
329
330
331
332
333
334
335
336
337
338
340
348
349
350
351
352
353
356
357
362
363
364
365
366
367
368
369
371
372
373
374
375
376
377
380
381
384
385
386
387
388
389
392
393
394
395
396
397
398
399
400
401
402
403
404
405
410
411
412
413
414
415
416
417
418
419
423
424
425
426
427
428
430
431
434
435
436
437
438
439
440
441
442
443
444
445
446
447
448
449
452
453
454
455
456
457
458
459
460
461
462
463
464
465
466
467
468
469
470
471
472
473
474
475
476
477
478
479
480
481
482
483
484
485
488
489
490
491
492
493
494
495
496
497
498
499
500
501
503
504
505
506
507
508
509
512
513
514
515
517
518
519
520
521
524
525
526
527
528
529
532
533
535
536
537
544
545
552
553
556
557
558
559
560
561
564
565
566
567
570
571
572
573
574
575
576
578
579
580
581
582
583
584
585
586
587
588
589
590
591
592
593
596
597
598
599
600
601
602
603
604
605
606
607
608
609
610
611
612
613
614
615
616
617
618
619
620
621
622
623
624
625
626
627
628
629
630
631
632
633
634
635
636
637
638
639
640
641
642
643
644
645
646
647
648
649
650
651
652
653
654
655
656
657
658
662
663
664
665
666
667
668
669
670
671
672
673
674
675
676
677
678
679
680
681
682
683
684
685
686
687
688
689
690
691
692
693
694
695
696
698
701
702
703
704
705
706
707
708
709
710
711
712
713
714
715
716
717
718
719
720
721
722
723
724
729
730
731
732
733
734
735
736
737
738
747
748
751
752
763
764
767
768
773
774
779
780
781
782
783
784
789
790
791
792
793
794
797
798
799
800
801
802
803
804
805
806
807
808
813
814
815
816
817
818
823
824
825
826
827
828
829
830
831
832
833
834
835
836
837
838
839
840
841
842
843
844
845
846
847
848
849
850
851
852
853
854
855
856
857
858
863
864
865
866
867
868
869
870
871
872
873
874
877
878
879
880
881
882
883
884
895
896
899
900
903
904
919
920
921
922
925
926
933
934
939
940
941
942
945
946
947
948
949
950
953
954
955
956
957
958
961
962
965
966
967
968
969
970
971
972
973
974
975
976
977
978
979
980
981
982
983
984
985
986
987
988
989
990
991
992
993
994
995
996
997
998
999
1000
1001
1002
1003
1004
1005
1006
1007
1008
1011
1012
1013
1014
1015
1016
1017
1018
1019
1020
1021
1022
1025
1026
1027
1028
1029
1030
1032
